   1,    3,    4,    5,    6,    7,    8,    9,   11,   12,   13,   14,   15,   16,   17,   21
   22,   28,   29,   30,   31,   33,   35,   37,   38,   46,   51,   53,   55,   56,   59,   62
   63,   66,   67,   71,   72,   74,   75,   83,   84,   87,   88,   91,   92,   94,   95,   96
   97,   99,  100,  102,  103,  104,  107,  108,  109,  111,  112,  113,  114,  117,  118,  119
  121,  123,  124,  125,  126,  128,  129,  130,  132,  139,  142,  144,  145,  147,  148,  152
  153,  154,  155,  156,  157,  158,  159,  160,  161,  163,  164,  165,  166,  167,  168,  170
  172,  173,  174,  175,  176,  177,  180,  181,  182,  183,  184,  185,  186,  188,  190,  193
  194,  195,  200,  205,  206,  207,  209,  211,  212,  213,  214,  215,  216,  220,  221,  222
  224,  226,  227,  229,  231,  233,  235,  236,  237,  238,  239,  240,  241,  246,  247,  248
  249,  250,  251,  254,  257,  258,  260,  262,  263,  265,  266,  268,  269,  270,  271,  272
  274,  276,  279,  281,  284,  285,  286,  287,  289,  291,  292,  293,  294,  299,  300,  303
  304,  305,  307,  308,  309,  310,  311,  312,  313,  314,  315,  316,  317,  318,  319,  320
  321,  324,  331,  336,  337,  339,  341,  342,  344,  345,  346,  348,  349,  352,  357,  360
  361,  363,  364,  365,  366,  367,  368,  369,  370,  371,  375,  379,  383,  385,  386,  387
  389,  390,  391,  392,  396,  397,  402,  406,  407,  408,  409,  410,  411,  412,  413,  415
  416,  417,  419,  420,  421,  425,  427,  431,  432,  433,  434,  435,  436,  437,  438,  439
  442,  443,  444,  445,  446,  449,  450,  451,  452,  453,  454,  456,  457,  458,  459,  461
  462,  463,  464,  466,  468,  470,  471,  472,  474,  475,  477,  478,  482,  483,  484,  485
  487,  488,  489,  490,  491,  492,  493,  494,  495,  496,  497,  498,  499,  501,  502,  503
  504,  505,  506,  507,  508,  509,  510,  512,  514,  516,  517,  518,  520,  521,  523,  524
  529,  531,  532,  533,  534,  536,  537,  538,  542,  543,  544,  546,  550,  552,  554,  556
  558,  559,  567,  568,  569,  570,  571,  572,  573,  575,  576,  578,  579,  580,  582,  583
  587,  593,  597,  599,  605,  608,  610,  611,  612,  613,  614,  617,  618,  619,  620,  622
  625,  626,  627,  628,  629,  630,  631,  632,  633,  634,  636,  637,  638,  639,  640,  641
  642,  643,  644,  645,  646,  647,  649,  651,  652,  658,  659,  660,  662,  664,  665,  666
  667,  669,  670,  672,  673,  675,  676,  678,  679,  681,  682,  683,  685,  686,  687,  689
  690,  691,  693,  694,  695,  696,  697,  698,  701,  702,  703,  704,  707,  710,  711,  712
  716,  718,  724,  726,  730,  731,  732,  734,  735,  736,  737,  738,  740,  741,  744,  745
  746,  747,  748,  752,  754,  755,  757,  758,  760,  761,  762,  763,  764,  765,  766,  768
  771,  773,  774,  781,  783,  793,  797,  798,  799,  800,  803,  804,  805,  806,  807,  808
  809,  810,  811,  812,  813,  814,  815,  817,  820,  824,  827,  829,  830,  831,  832,  835
  838,  841,  842,  843,  844,  846,  849,  850,  852,  856,  857,  858,  859,  862,  865,  867
  868,  869,  871,  872,  873,  874,  875,  876,  877,  881,  882,  884,  890,  895,  897,  901
  903,  904,  906,  908,  909,  911,  913,  916,  919,  920,  921,  922,  923,  924,  925,  926
  930,  932,  933,  935,  936,  937,  938,  939,  940,  949,  951,  952,  954,  956,  960,  962
  964,  965,  967,  968,  969,  970,  971,  972,  973,  974,  975,  976,  977,  978,  979,  983
  984,  986,  988,  991,  992,  993,  994,  995,  996,  997,  998, 1000, 1001, 1002, 1004, 1011
 1016, 1017, 1018, 1019, 1020, 1026, 1028, 1029, 1031, 1032, 1034, 1036, 1037, 1042, 1043, 1044
 1046, 1047, 1048, 1049, 1050, 1051, 1052, 1053, 1054, 1056, 1058, 1060, 1061, 1062, 1063, 1064
 1065, 1066, 1067, 1068, 1069, 1072, 1075, 1077, 1080, 1082, 1092, 1093, 1095, 1096, 1099, 1101
 1104, 1105, 1106, 1107, 1108, 1109, 1113, 1114, 1116, 1117, 1118, 1119, 1120, 1121, 1123, 1124
 1125, 1127, 1128, 1129, 1134, 1135, 1136, 1137, 1139, 1143, 1145, 1149, 1151, 1155, 1159, 1160
 1161, 1162, 1164, 1171, 1173, 1174, 1175, 1176, 1177, 1179, 1180, 1181, 1183, 1184, 1185, 1186
 1187, 1188, 1190, 1192, 1193, 1194, 1195, 1196, 1197, 1198, 1199, 1200, 1201, 1203, 1205, 1206
 1208, 1209, 1210, 1211, 1212, 1213, 1214, 1220, 1222, 1231, 1233, 1234, 1235, 1236, 1237, 1238
 1239, 1241, 1243, 1244, 1246, 1247, 1248, 1249, 1250, 1251, 1252, 1253, 1254, 1256, 1257, 1259
 1261, 1262, 1263, 1264, 1265, 1266, 1268, 1269, 1275, 1282, 1285, 1286, 1288, 1289, 1290, 1292
 1293, 1294, 1295, 1296, 1297, 1302, 1303, 1308, 1309, 1313, 1314, 1315, 1316, 1317, 1318, 1320
 1321, 1322, 1323, 1328, 1331, 1333, 1335, 1336, 1337, 1338, 1339, 1340, 1341, 1342, 1343, 1344
 1345, 1346, 1352, 1355, 1356, 1358, 1359, 1360, 1365, 1366, 1368, 1369, 1370, 1373, 1374, 1381
 1382, 1386, 1387, 1388, 1389, 1390, 1391, 1392, 1393, 1394, 1395, 1396, 1398, 1399, 1403, 1405
 1406, 1407, 1408, 1409, 1410, 1412, 1413, 1414, 1415, 1416, 1418, 1420, 1422, 1425, 1426, 1427
 1428, 1430, 1432, 1434, 1436, 1437, 1440, 1441, 1443, 1444, 1446, 1447, 1449, 1450, 1451, 1453
 1454, 1455, 1456, 1461, 1465, 1466, 1468, 1469, 1471, 1474, 1475, 1476, 1478, 1479, 1480, 1481
 1482, 1484, 1485, 1486, 1487, 1489, 1491, 1492, 1493, 1494, 1495, 1496, 1497, 1498, 1499, 1500
 1501, 1502, 1504, 1510, 1511, 1514, 1516, 1517, 1521, 1522, 1523, 1524, 1525, 1526, 1528, 1538
 1540, 1541, 1543, 1545, 1546, 1547, 1549, 1550, 1551, 1552, 1553, 1555, 1556, 1558, 1559, 1560
 1561, 1562, 1563, 1564, 1566, 1567, 1568, 1570, 1573, 1580, 1585, 1586, 1587, 1588, 1589, 1592
 1594, 1595, 1599, 1600, 1602, 1604, 1605, 1606, 1607, 1608, 1609, 1610, 1612, 1616, 1617, 1619
 1620, 1621, 1622, 1623, 1625, 1626, 1627, 1630, 1631, 1636, 1637, 1640, 1642, 1648, 1649, 1652
 1654, 1655, 1656, 1657, 1661, 1662, 1663, 1664, 1665, 1666, 1667, 1668, 1670, 1672, 1673, 1674
 1675, 1676, 1678, 1679, 1680, 1681, 1682, 1683, 1684, 1685, 1686, 1687, 1688, 1689, 1690, 1691
 1692, 1693, 1694, 1695, 1696, 1697, 1700, 1701, 1707, 1708, 1711, 1712, 1713, 1716, 1718, 1719
 1720, 1721, 1723, 1725, 1726, 1727, 1729, 1731, 1733, 1734, 1735, 1739, 1741, 1742, 1744, 1747
 1748, 1749, 1755, 1757, 1758, 1759, 1761, 1767, 1772, 1773, 1775, 1776, 1777, 1778, 1779, 1780
 1781, 1782, 1783, 1787, 1790, 1791, 1792, 1794, 1797, 1801, 1803, 1806, 1807, 1808, 1809, 1816
 1820, 1822, 1823, 1824, 1837, 1838, 1841, 1842, 1844, 1845, 1846, 1847, 1853, 1855, 1857, 1858
 1859, 1864, 1866, 1868, 1869, 1870, 1871, 1872, 1873, 1874, 1875, 1877, 1878, 1879, 1881, 1882
 1884, 1885, 1886, 1887, 1888, 1889, 1890, 1891, 1894, 1895, 1896, 1897, 1898, 1903, 1904, 1905
 1906, 1907, 1908, 1909, 1912, 1913, 1920, 1923, 1927, 1930, 1931, 1932, 1934, 1936, 1938, 1941
 1942, 1943, 1944, 1945, 1946, 1947, 1948, 1949, 1950, 1951, 1952, 1953, 1954, 1955, 1956, 1957
 1958, 1959, 1961, 1962, 1963, 1964, 1966, 1967, 1968, 1969, 1971, 1972, 1973, 1974, 1975, 1976
 1978, 1979, 1981, 1983, 1985, 1987, 1995, 2001, 2002, 2005, 2006, 2007, 2008, 2009, 2010, 2011
 2012, 2016, 2018, 2020, 2021, 2022, 2027, 2028, 2029, 2031, 2032, 2034, 2035, 2036, 2039, 2041
 2042, 2044, 2047, 2048, 2049, 2050, 2051, 2052, 2053, 2054, 2055, 2056, 2057, 2058, 2059, 2060
 2061, 2062, 2064, 2066, 2067, 2068, 2069, 2070, 2073, 2074, 2075, 2076, 2087, 2089, 2090, 2092
 2093, 2094, 2095, 2096, 2097, 2098, 2100, 2101, 2103, 2105, 2107, 2108, 2109, 2110, 2111, 2112
 2113, 2116, 2117, 2118, 2119, 2121, 2122, 2123, 2124, 2125, 2126, 2127, 2128, 2130, 2131, 2132
 2133, 2135, 2138, 2139, 2140, 2142, 2143, 2144, 2146, 2147, 2148, 2149, 2150, 2151, 2152, 2153
 2154, 2155, 2156, 2157, 2158, 2159, 2160, 2163, 2164, 2165, 2168, 2169, 2171, 2173, 2174, 2177
 2178, 2179, 2180, 2181, 2182, 2183, 2184, 2185, 2186, 2188, 2189, 2195, 2197, 2201, 2205, 2206
 2208, 2209, 2211, 2216, 2218, 2219, 2221, 2223, 2224, 2225, 2228, 2229, 2230, 2231, 2232, 2234
 2235, 2236, 2241, 2253, 2259, 2260, 2263, 2264, 2265, 2266, 2267, 2269, 2270, 2271, 2272, 2275
 2279, 2280, 2281, 2284, 2286, 2288, 2291, 2292, 2293, 2294, 2295, 2296, 2299, 2300, 2302, 2303
 2305, 2308, 2309, 2310, 2313, 2314, 2315, 2317, 2318, 2319, 2325, 2326, 2327, 2329, 2330, 2331
 2332, 2333, 2334, 2336, 2337, 2339, 2340, 2341, 2342, 2343, 2344, 2346, 2347, 2349, 2350, 2355
 2357, 2359, 2360, 2366, 2369, 2370, 2371, 2372, 2373, 2374, 2375, 2377, 2378, 2379, 2381, 2382
 2383, 2384, 2385, 2386, 2387, 2388, 2389, 2390, 2391, 2393, 2396, 2398, 2399, 2403, 2404, 2405
 2408, 2410, 2413, 2417, 2418, 2419, 2420, 2421, 2422, 2424, 2425, 2427, 2428, 2429, 2430, 2431
 2432, 2433, 2434, 2436, 2437, 2441, 2446, 2448, 2453, 2455, 2456, 2457, 2458, 2459, 2460, 2461
 2462, 2463, 2464, 2465, 2466, 2467, 2468, 2469, 2470, 2471, 2472, 2473, 2474, 2475, 2477, 2478
 2479, 2480, 2481, 2485, 2486, 2487, 2489, 2491, 2492, 2494, 2496, 2499, 2500, 2501, 2502, 2504
 2507, 2508, 2519, 2521, 2525, 2528, 2534